0.0
0.042971807628524046
0.08594361525704809
0.12891542288557215
0.17188723051409618
0.21485903814262022
0.2578308457711443
0.30080265339966833
0.34377446102819237
0.3867462686567164
0.42971807628524045
0.4726898839137645
0.5156616915422886
0.5586334991708126
0.6016053067993367
0.6445771144278607
0.6875489220563847
0.7305207296849088
0.7734925373134328
0.8164643449419569
0.8594361525704809
0.9024079601990049
0.945379767827529
0.988351575456053
1.0313233830845772
1.074295190713101
1.1172669983416252
1.1602388059701492
1.2032106135986733
1.2461824212271972
1.2891542288557214
1.3321260364842453
1.3750978441127695
1.4180696517412934
1.4610414593698176
1.5040132669983415
1.5469850746268656
1.5899568822553898
1.6329286898839137
1.6759004975124379
1.7188723051409618
1.761844112769486
1.8048159203980099
1.847787728026534
1.890759535655058
1.933731343283582
1.976703150912106
2.01967495854063
2.0626467661691543
2.105618573797678
2.148590381426202
2.1915621890547263
2.2345339966832505
2.277505804311774
2.3204776119402983
2.3634494195688225
2.4064212271973466
2.449393034825871
2.4923648424543945
2.5353366500829186
2.578308457711443
2.621280265339967
2.6642520729684906
2.707223880597015
2.750195688225539
2.793167495854063
2.836139303482587
2.879111111111111
2.922082918739635
2.9650547263681593
3.008026533996683
3.050998341625207
3.0939701492537313
3.1369419568822554
3.1799137645107796
3.2228855721393033
3.2658573797678274
3.3088291873963516
3.3518009950248757
3.3947728026533994
3.4377446102819236
3.4807164179104477
3.523688225538972
3.5666600331674956
3.6096318407960197
3.652603648424544
3.695575456053068
3.7385472636815917
3.781519071310116
3.82449087893864
3.867462686567164
3.9104344941956883
3.953406301824212
3.996378109452736
4.03934991708126
4.082321724709784
4.125293532338309
4.168265339966832
4.211237147595356
4.254208955223881
4.297180762852404
4.340152570480929
4.383124378109453
4.426096185737976
4.469067993366501
4.512039800995025
4.555011608623548
4.597983416252073
4.640955223880597
4.683927031509121
4.726898839137645
4.769870646766169
4.812842454394693
4.855814262023217
4.898786069651742
4.941757877280265
4.984729684908789
5.027701492537314
5.070673300165837
5.113645107794361
5.156616915422886
5.199588723051409
5.242560530679934
5.285532338308458
5.328504145936981
5.371475953565506
5.41444776119403
5.457419568822554
5.500391376451078
5.543363184079602
5.586334991708126
5.62930679933665
5.672278606965174
5.715250414593698
